# Left-handed dispersion with flat couplings g_k = g/sqrt(N)
# 
# Parameters:
# omega0 = 1
# Delta = 0.15
# omega_c = 50
# N = 20000
# k in [-pi, pi)
# 
# Columns:
# 1: g/omega0
# 2: Delta_r/omega0
# 3: E0_physical/omega0
# 4: E1_physical/omega0
# 5: (E1-E0)/omega0
# 
0.000000000000e+00 1.500000000000e-01 -7.500000000000e-02 7.500000000000e-02 1.500000000000e-01
5.000000000000e-03 1.499904162535e-01 -7.502585172913e-02 7.495805100154e-02 1.499839027307e-01
1.000000000000e-02 1.499616657739e-01 -7.510340875354e-02 7.483221388600e-02 1.499356226395e-01
1.500000000000e-02 1.499137508426e-01 -7.523267658453e-02 7.462251827204e-02 1.498551948566e-01
2.000000000000e-02 1.498466752689e-01 -7.541366440834e-02 7.432901345404e-02 1.497426778624e-01
2.500000000000e-02 1.497604444004e-01 -7.564638508725e-02 7.395176829779e-02 1.495981533850e-01
3.000000000000e-02 1.496550651383e-01 -7.593085516118e-02 7.349087109486e-02 1.494217262560e-01
3.500000000000e-02 1.495305459551e-01 -7.626709484953e-02 7.294642937658e-02 1.492135242261e-01
4.000000000000e-02 1.493868969192e-01 -7.665512805376e-02 7.231856968885e-02 1.489736977426e-01
4.500000000000e-02 1.492241297214e-01 -7.709498236006e-02 7.160743732833e-02 1.487024196884e-01
5.000000000000e-02 1.490422577072e-01 -7.758668904262e-02 7.081319604156e-02 1.483998850842e-01
5.500000000000e-02 1.488412959125e-01 -7.813028306721e-02 6.993602768870e-02 1.480663107559e-01
6.000000000000e-02 1.486212611048e-01 -7.872580309513e-02 6.897613187281e-02 1.477019349679e-01
6.500000000000e-02 1.483821718276e-01 -7.937329148752e-02 6.793372553707e-02 1.473070170246e-01
7.000000000000e-02 1.481240484503e-01 -8.007279431002e-02 6.680904253128e-02 1.468818368413e-01
7.500000000000e-02 1.478469132221e-01 -8.082436133767e-02 6.560233314981e-02 1.464266944875e-01
8.000000000000e-02 1.475507903310e-01 -8.162804606018e-02 6.431386364300e-02 1.459419097032e-01
8.500000000000e-02 1.472357059666e-01 -8.248390568733e-02 6.294391570391e-02 1.454278213912e-01
9.000000000000e-02 1.469016883892e-01 -8.339200115475e-02 6.149278593285e-02 1.448847870876e-01
9.500000000000e-02 1.465487680018e-01 -8.435239712971e-02 5.996078528155e-02 1.443131824113e-01
1.000000000000e-01 1.461769774289e-01 -8.536516201719e-02 5.834823847936e-02 1.437134004966e-01
1.050000000000e-01 1.457863515987e-01 -8.643036796603e-02 5.665548344357e-02 1.430858514096e-01
1.100000000000e-01 1.453769278318e-01 -8.754809087513e-02 5.488287067601e-02 1.424309615511e-01
1.150000000000e-01 1.449487459337e-01 -8.871841039965e-02 5.303076264813e-02 1.417491730478e-01
1.200000000000e-01 1.445018482938e-01 -8.994140995727e-02 5.109953317656e-02 1.410409431338e-01
1.250000000000e-01 1.440362799886e-01 -9.121717673433e-02 4.908956679123e-02 1.403067435256e-01
1.300000000000e-01 1.435520888915e-01 -9.254580169180e-02 4.700125809800e-02 1.395470597898e-01
1.350000000000e-01 1.430493257868e-01 -9.392737957112e-02 4.483501113767e-02 1.387623907088e-01
1.400000000000e-01 1.425280444904e-01 -9.536200889970e-02 4.259123874315e-02 1.379532476429e-01
1.450000000000e-01 1.419883019760e-01 -9.684979199646e-02 4.027036189673e-02 1.371201538932e-01
1.500000000000e-01 1.414301585062e-01 -9.839083497628e-02 3.787280908826e-02 1.362636440645e-01
1.550000000000e-01 1.408536777705e-01 -9.998524775468e-02 3.539901567692e-02 1.353842634316e-01
1.600000000000e-01 1.402589270286e-01 -1.016331440516e-01 3.284942325683e-02 1.344825673084e-01
1.650000000000e-01 1.396459772601e-01 -1.033346413947e-01 3.022447902846e-02 1.335591204232e-01
1.700000000000e-01 1.390149033196e-01 -1.050898611218e-01 2.752463517656e-02 1.326144962984e-01
1.750000000000e-01 1.383657840988e-01 -1.068989283827e-01 2.475034825593e-02 1.316492766386e-01
1.800000000000e-01 1.376987026937e-01 -1.087619721398e-01 2.190207858564e-02 1.306640507255e-01
1.850000000000e-01 1.370137465790e-01 -1.106791251682e-01 1.898028965274e-02 1.296594148210e-01
1.900000000000e-01 1.363110077878e-01 -1.126505240541e-01 1.598544752589e-02 1.286359715800e-01
1.950000000000e-01 1.355905830979e-01 -1.146763091925e-01 1.291802027962e-02 1.275943294722e-01
2.000000000000e-01 1.348525742244e-01 -1.167566247831e-01 9.778477429653e-03 1.265351022128e-01
2.050000000000e-01 1.340970880180e-01 -1.188916188249e-01 6.567289379499e-03 1.254589082044e-01
2.100000000000e-01 1.333242366696e-01 -1.210814431094e-01 3.284926878772e-03 1.243663699882e-01
2.150000000000e-01 1.325341379211e-01 -1.233262532116e-01 -6.813950676617e-05 1.232581137049e-01
2.200000000000e-01 1.317269152815e-01 -1.256262084797e-01 -3.491439913300e-03 1.221347685664e-01
2.250000000000e-01 1.309026982491e-01 -1.279814720217e-01 -6.984505685183e-03 1.209969663365e-01
2.300000000000e-01 1.300616225394e-01 -1.303922106913e-01 -1.054686986938e-02 1.198453408219e-01
2.350000000000e-01 1.292038303179e-01 -1.328585950701e-01 -1.417806769826e-02 1.186805273719e-01
2.400000000000e-01 1.283294704382e-01 -1.353807994479e-01 -1.787763706089e-02 1.175031623870e-01
2.450000000000e-01 1.274386986848e-01 -1.379590017999e-01 -2.164511896307e-02 1.163138828368e-01
2.500000000000e-01 1.265316780207e-01 -1.405933837616e-01 -2.548005797646e-02 1.151133257851e-01
2.550000000000e-01 1.256085788383e-01 -1.432841306000e-01 -2.938200267694e-02 1.139021279230e-01
2.600000000000e-01 1.246695792146e-01 -1.460314311816e-01 -3.335050607260e-02 1.126809251090e-01
2.650000000000e-01 1.237148651690e-01 -1.488354779374e-01 -3.738512602177e-02 1.114503519156e-01
2.700000000000e-01 1.227446309242e-01 -1.516964668233e-01 -4.148542564124e-02 1.102110411821e-01
2.750000000000e-01 1.217590791679e-01 -1.546145972776e-01 -4.565097370512e-02 1.089636235725e-01
2.800000000000e-01 1.207584213170e-01 -1.575900721733e-01 -4.988134503471e-02 1.077087271386e-01
2.850000000000e-01 1.197428777808e-01 -1.606230977671e-01 -5.417612087949e-02 1.064469768876e-01
2.900000000000e-01 1.187126782251e-01 -1.637138836431e-01 -5.853488928965e-02 1.051789943534e-01
2.950000000000e-01 1.176680618332e-01 -1.668626426517e-01 -6.295724548036e-02 1.039053971713e-01
3.000000000000e-01 1.166092775664e-01 -1.700695908438e-01 -6.744279218793e-02 1.026267986558e-01
3.050000000000e-01 1.155365844189e-01 -1.733349473996e-01 -7.199114001804e-02 1.013438073815e-01
3.100000000000e-01 1.144502516689e-01 -1.766589345517e-01 -7.660190778607e-02 1.000570267657e-01
3.150000000000e-01 1.133505591238e-01 -1.800417775027e-01 -8.127472284962e-02 9.876705465310e-02
3.200000000000e-01 1.122377973571e-01 -1.834837043366e-01 -8.600922143294e-02 9.747448290368e-02
3.250000000000e-01 1.111122679364e-01 -1.869849459241e-01 -9.080504894365e-02 9.617989698044e-02
3.300000000000e-01 1.099742836407e-01 -1.905457358214e-01 -9.566186028088e-02 9.488387554053e-02
3.350000000000e-01 1.088241686657e-01 -1.941663101627e-01 -1.005793201349e-01 9.358699002777e-02
3.400000000000e-01 1.076622588139e-01 -1.978469075453e-01 -1.055571032780e-01 9.228980426728e-02
3.450000000000e-01 1.064889016698e-01 -2.015877689079e-01 -1.105948948454e-01 9.099287406251e-02
3.500000000000e-01 1.053044567554e-01 -2.053891374022e-01 -1.156923906070e-01 8.969674679519e-02
3.550000000000e-01 1.041092956667e-01 -2.092512582559e-01 -1.208492972273e-01 8.840196102851e-02
3.600000000000e-01 1.029038021872e-01 -2.131743786292e-01 -1.260653325148e-01 8.710904611436e-02
3.650000000000e-01 1.016883723767e-01 -2.171587474634e-01 -1.313402256582e-01 8.581852180516e-02
3.700000000000e-01 1.004634146330e-01 -2.212046153215e-01 -1.366737174501e-01 8.453089787134e-02
3.750000000000e-01 9.922934972466e-02 -2.253122342208e-01 -1.420655604954e-01 8.324667372542e-02
3.800000000000e-01 9.798661079153e-02 -2.294818574581e-01 -1.475155194045e-01 8.196633805365e-02
3.850000000000e-01 9.673564331127e-02 -2.337137394264e-01 -1.530233709698e-01 8.069036845657e-02
3.900000000000e-01 9.547690502928e-02 -2.380081354240e-01 -1.585889043242e-01 7.941923109980e-02
3.950000000000e-01 9.421086584960e-02 -2.423653014555e-01 -1.642119210791e-01 7.815338037632e-02
4.000000000000e-01 9.293800768446e-02 -2.467854940250e-01 -1.698922354430e-01 7.689325858196e-02
4.050000000000e-01 9.165882426024e-02 -2.512689699218e-01 -1.756296743164e-01 7.563929560546e-02
4.100000000000e-01 9.037382087748e-02 -2.558159859985e-01 -1.814240773636e-01 7.439190863492e-02
4.150000000000e-01 8.908351412318e-02 -2.604267989413e-01 -1.872752970591e-01 7.315150188223e-02
4.200000000000e-01 8.778843153315e-02 -2.651016650342e-01 -1.931831987070e-01 7.191846632721e-02
4.250000000000e-01 8.648911120292e-02 -2.698408399154e-01 -1.991476604322e-01 7.069317948319e-02
4.300000000000e-01 8.518610134565e-02 -2.746445783287e-01 -2.051685731428e-01 6.947600518585e-02
4.350000000000e-01 8.387995979575e-02 -2.795131338673e-01 -2.112458404604e-01 6.826729340681e-02
4.400000000000e-01 8.257125345734e-02 -2.844467587136e-01 -2.173793786198e-01 6.706738009381e-02
4.450000000000e-01 8.126055769690e-02 -2.894457033737e-01 -2.235691163348e-01 6.587658703892e-02
4.500000000000e-01 7.994845567981e-02 -2.945102164070e-01 -2.298149946308e-01 6.469522177621e-02
4.550000000000e-01 7.863553765098e-02 -2.996405441532e-01 -2.361169666429e-01 6.352357751031e-02
4.600000000000e-01 7.732240016004e-02 -3.048369304554e-01 -2.424749973785e-01 6.236193307688e-02
4.650000000000e-01 7.600964523219e-02 -3.100996163818e-01 -2.488890634458e-01 6.121055293598e-02
4.700000000000e-01 7.469787948608e-02 -3.154288399458e-01 -2.553591527465e-01 6.006968719922e-02
4.750000000000e-01 7.338771320074e-02 -3.208248358253e-01 -2.618852641343e-01 5.893957169102e-02
4.800000000000e-01 7.207975933399e-02 -3.262878350833e-01 -2.684674070389e-01 5.782042804436e-02
4.850000000000e-01 7.077463249536e-02 -3.318180648890e-01 -2.751056010579e-01 5.671246383108e-02
4.900000000000e-01 6.947294787694e-02 -3.374157482420e-01 -2.817998755158e-01 5.561587272619e-02
4.950000000000e-01 6.817532014626e-02 -3.430811036994e-01 -2.885502689935e-01 5.453083470589e-02
5.000000000000e-01 6.688236230552e-02 -3.488143451078e-01 -2.953568288296e-01 5.345751627817e-02
5.050000000000e-01 6.559468452236e-02 -3.546156813408e-01 -3.022196105959e-01 5.239607074494e-02
5.100000000000e-01 6.431289293744e-02 -3.604853160426e-01 -3.091386775486e-01 5.134663849405e-02
5.150000000000e-01 6.303758845465e-02 -3.664234473800e-01 -3.161141000606e-01 5.030934731943e-02
5.200000000000e-01 6.176936552024e-02 -3.724302678027e-01 -3.231459550354e-01 4.928431276734e-02
5.250000000000e-01 6.050881089727e-02 -3.785059638134e-01 -3.302343253072e-01 4.827163850622e-02
5.300000000000e-01 5.925650244216e-02 -3.846507157488e-01 -3.373792990312e-01 4.727141671764e-02
5.350000000000e-01 5.801300789037e-02 -3.908646975724e-01 -3.445809690669e-01 4.628372850551e-02
5.400000000000e-01 5.677888365813e-02 -3.971480766802e-01 -3.518394323596e-01 4.530864432059e-02
5.450000000000e-01 5.555467366737e-02 -4.035010137192e-01 -3.591547893221e-01 4.434622439708e-02
5.500000000000e-01 5.434090820105e-02 -4.099236624216e-01 -3.665271432234e-01 4.339651919818e-02
5.550000000000e-01 5.313810279558e-02 -4.164161694528e-01 -3.739565995855e-01 4.245956986727e-02
5.600000000000e-01 5.194675717738e-02 -4.229786742764e-01 -3.814432655950e-01 4.153540868141e-02
5.650000000000e-01 5.076735424989e-02 -4.296113090353e-01 -3.889872495313e-01 4.062405950399e-02
5.700000000000e-01 4.960035913696e-02 -4.363141984487e-01 -3.965886602156e-01 3.972553823308e-02
5.750000000000e-01 4.844621828909e-02 -4.430874597284e-01 -4.042476064854e-01 3.883985324298e-02
5.800000000000e-01 4.730535865672e-02 -4.499312025109e-01 -4.119641966955e-01 3.796700581537e-02
5.850000000000e-01 4.617818693595e-02 -4.568455288086e-01 -4.197385382506e-01 3.710699055796e-02
5.900000000000e-01 4.506508889063e-02 -4.638305329780e-01 -4.275707371701e-01 3.625979580784e-02
5.950000000000e-01 4.396642875407e-02 -4.708863017067e-01 -4.354608976891e-01 3.542540401758e-02
6.000000000000e-01 4.288254871333e-02 -4.780129140177e-01 -4.434091218956e-01 3.460379212204e-02
6.050000000000e-01 4.181376847799e-02 -4.852104412912e-01 -4.514155094068e-01 3.379493188435e-02
6.100000000000e-01 4.076038493490e-02 -4.924789473043e-01 -4.594801570844e-01 3.299879021988e-02
6.150000000000e-01 3.972267188937e-02 -4.998184882873e-01 -4.676031587900e-01 3.221532949721e-02
6.200000000000e-01 3.870087989285e-02 -5.072291129960e-01 -4.757846051805e-01 3.144450781549e-02
6.250000000000e-01 3.769523615629e-02 -5.147108628010e-01 -4.840245835430e-01 3.068627925800e-02
6.300000000000e-01 3.670594454769e-02 -5.222637717906e-01 -4.923231776687e-01 2.994059412196e-02
6.350000000000e-01 3.573318567190e-02 -5.298878668900e-01 -5.006804677652e-01 2.920739912477e-02
6.400000000000e-01 3.477711702992e-02 -5.375831679926e-01 -5.090965304050e-01 2.848663758759e-02
6.450000000000e-01 3.383787325454e-02 -5.453496881051e-01 -5.175714385082e-01 2.777824959681e-02
6.500000000000e-01 3.291556641872e-02 -5.531874335044e-01 -5.261052613596e-01 2.708217214481e-02
6.550000000000e-01 3.201028641258e-02 -5.610964039057e-01 -5.346980646546e-01 2.639833925108e-02
6.600000000000e-01 3.112210138453e-02 -5.690765926401e-01 -5.433499105748e-01 2.572668206526e-02
6.650000000000e-01 3.025105824185e-02 -5.771279868422e-01 -5.520608578885e-01 2.506712895364e-02
6.700000000000e-01 2.939718320582e-02 -5.852505676454e-01 -5.608309620745e-01 2.441960557089e-02
6.750000000000e-01 2.856048241602e-02 -5.934443103847e-01 -5.696602754661e-01 2.378403491863e-02
6.800000000000e-01 2.774094257885e-02 -6.017091848053e-01 -5.785488474126e-01 2.316033739266e-02
6.850000000000e-01 2.693853165474e-02 -6.100451552769e-01 -5.874967244561e-01 2.254843082079e-02
6.900000000000e-01 2.615319957889e-02 -6.184521810121e-01 -5.965039505193e-01 2.194823049276e-02
6.950000000000e-01 2.538487901024e-02 -6.269302162885e-01 -6.055705671043e-01 2.135964918420e-02
7.000000000000e-01 2.463348610357e-02 -6.354792106727e-01 -6.146966134966e-01 2.078259717613e-02
7.050000000000e-01 2.389892129969e-02 -6.440991092467e-01 -6.238821269751e-01 2.021698227164e-02
7.100000000000e-01 2.318107012902e-02 -6.527898528344e-01 -6.331271430232e-01 1.966270981119e-02
7.150000000000e-01 2.247980402391e-02 -6.615513782288e-01 -6.424316955409e-01 1.911968268783e-02
7.200000000000e-01 2.179498113530e-02 -6.703836184177e-01 -6.517958170541e-01 1.858780136358e-02
7.250000000000e-01 2.112644714975e-02 -6.792865028092e-01 -6.612195389211e-01 1.806696388812e-02
7.300000000000e-01 2.047403610306e-02 -6.882599574538e-01 -6.707028915332e-01 1.755706592058e-02
7.350000000000e-01 1.983757118673e-02 -6.973039052648e-01 -6.802459045094e-01 1.705800075544e-02
7.400000000000e-01 1.921686554441e-02 -7.064182662351e-01 -6.898486068821e-01 1.656965935301e-02
7.450000000000e-01 1.861172305514e-02 -7.156029576506e-01 -6.995110272754e-01 1.609193037528e-02
7.500000000000e-01 1.802193910094e-02 -7.248578942992e-01 -7.092331940719e-01 1.562470022725e-02
7.550000000000e-01 1.744730131629e-02 -7.341829886751e-01 -7.190151355708e-01 1.516785310433e-02
7.600000000000e-01 1.688759031774e-02 -7.435781511790e-01 -7.288568801332e-01 1.472127104579e-02
7.650000000000e-01 1.634258041157e-02 -7.530432903121e-01 -7.387584563176e-01 1.428483399441e-02
7.700000000000e-01 1.581204027831e-02 -7.625783128650e-01 -7.487198930026e-01 1.385841986235e-02
7.750000000000e-01 1.529573363283e-02 -7.721831241014e-01 -7.587412194985e-01 1.344190460295e-02
7.800000000000e-01 1.479341985893e-02 -7.818576279352e-01 -7.688224656467e-01 1.303516228854e-02
7.850000000000e-01 1.430485461786e-02 -7.916017271017e-01 -7.789636619079e-01 1.263806519380e-02
7.900000000000e-01 1.382979043007e-02 -8.014153233228e-01 -7.891648394385e-01 1.225048388435e-02
7.950000000000e-01 1.336797723001e-02 -8.112983174663e-01 -7.994260301559e-01 1.187228731039e-02
8.000000000000e-01 1.291916289370e-02 -8.212506096978e-01 -8.097472667931e-01 1.150334290472e-02
8.050000000000e-01 1.248309373920e-02 -8.312720996278e-01 -8.201285829427e-01 1.114351668502e-02
8.100000000000e-01 1.205951499994e-02 -8.413626864510e-01 -8.305700130914e-01 1.079267335958e-02
8.150000000000e-01 1.164817127140e-02 -8.515222690805e-01 -8.410715926442e-01 1.045067643630e-02
8.200000000000e-01 1.124880693145e-02 -8.617507462749e-01 -8.516333579406e-01 1.011738833429e-02
8.250000000000e-01 1.086116653476e-02 -8.720480167599e-01 -8.622553462621e-01 9.792670497709e-03
8.300000000000e-01 1.048499518202e-02 -8.824139793431e-01 -8.729375958319e-01 9.476383511201e-03
8.350000000000e-01 1.012003886449e-02 -8.928485330237e-01 -8.836801458070e-01 9.168387216642e-03
8.400000000000e-01 9.766044784699e-03 -9.033515770952e-01 -8.944830362647e-01 8.868540830562e-03
8.450000000000e-01 9.422761653969e-03 -9.139230112436e-01 -9.053463081818e-01 8.576703061884e-03
8.500000000000e-01 9.089939967662e-03 -9.245627356388e-01 -9.162700034093e-01 8.292732229518e-03
8.550000000000e-01 8.767332258910e-03 -9.352706510213e-01 -9.272541646419e-01 8.016486379391e-03
8.600000000000e-01 8.454693331736e-03 -9.460466587833e-01 -9.382988353828e-01 7.747823400538e-03
8.650000000000e-01 8.151780474423e-03 -9.568906610445e-01 -9.494040599047e-01 7.486601139867e-03
8.700000000000e-01 7.858353654018e-03 -9.678025607233e-01 -9.605698832080e-01 7.232677515270e-03
8.750000000000e-01 7.574175692846e-03 -9.787822616025e-01 -9.717963509758e-01 6.985910626756e-03
8.800000000000e-01 7.299012427930e-03 -9.898296683910e-01 -9.830835095257e-01 6.746158865348e-03
8.850000000000e-01 7.032632854170e-03 -1.000944686780e+00 -9.944314057609e-01 6.513281019389e-03
8.900000000000e-01 6.774809252144e-03 -1.012127223497e+00 -1.005840087119e+00 6.287136378144e-03
8.950000000000e-01 6.525317301382e-03 -1.023377186353e+00 -1.017309601520e+00 6.067584832397e-03
9.000000000000e-01 6.283936179914e-03 -1.034694484284e+00 -1.028839997312e+00 5.854486971883e-03
9.050000000000e-01 6.050448650916e-03 -1.046079027399e+00 -1.040431323219e+00 5.647704179400e-03
9.100000000000e-01 5.824641137214e-03 -1.057530727007e+00 -1.052083628286e+00 5.447098721452e-03
9.150000000000e-01 5.606303784391e-03 -1.069049495660e+00 -1.063796961824e+00 5.252533835304e-03
9.200000000000e-01 5.395230513246e-03 -1.080635247173e+00 -1.075571373361e+00 5.063873812370e-03
9.250000000000e-01 5.191219062274e-03 -1.092287896659e+00 -1.087406912581e+00 4.880984077836e-03
9.300000000000e-01 4.994071020852e-03 -1.104007360548e+00 -1.099303629281e+00 4.703731266481e-03
9.350000000000e-01 4.803591853757e-03 -1.115793556606e+00 -1.111261573311e+00 4.531983294646e-03
9.400000000000e-01 4.619590917648e-03 -1.127646403959e+00 -1.123280794531e+00 4.365609428338e-03
9.450000000000e-01 4.441881470070e-03 -1.139565823102e+00 -1.135361342754e+00 4.204480347452e-03
9.500000000000e-01 4.270280671552e-03 -1.151551735913e+00 -1.147503267707e+00 4.048468206129e-03
9.550000000000e-01 4.104609581313e-03 -1.163604065667e+00 -1.159706618978e+00 3.897446689268e-03
9.600000000000e-01 3.944693147089e-03 -1.175722737039e+00 -1.171971445974e+00 3.751291065219e-03
9.650000000000e-01 3.790360189537e-03 -1.187907676111e+00 -1.184297797876e+00 3.609878234708e-03
9.700000000000e-01 3.641443381678e-03 -1.200158810379e+00 -1.196685723602e+00 3.473086776046e-03
9.750000000000e-01 3.497779223789e-03 -1.212476068750e+00 -1.209135271763e+00 3.340796986677e-03
9.800000000000e-01 3.359208014145e-03 -1.224859381547e+00 -1.221646490625e+00 3.212890921149e-03
9.850000000000e-01 3.225573815985e-03 -1.237308680503e+00 -1.234219428077e+00 3.089252425563e-03
9.900000000000e-01 3.096724421054e-03 -1.249823898761e+00 -1.246854131593e+00 2.969767168612e-03
9.950000000000e-01 2.972511310045e-03 -1.262404970869e+00 -1.259550648200e+00 2.854322669265e-03
1.000000000000e+00 2.852789610257e-03 -1.275051832772e+00 -1.272309024451e+00 2.742808321221e-03
1.005000000000e+00 2.737418050751e-03 -1.287764421806e+00 -1.285129306392e+00 2.635115414194e-03
1.010000000000e+00 2.626258915275e-03 -1.300542676689e+00 -1.298011539537e+00 2.531137152166e-03
1.015000000000e+00 2.519177993221e-03 -1.313386537513e+00 -1.310955768845e+00 2.430768668677e-03
1.020000000000e+00 2.416044528829e-03 -1.326295945731e+00 -1.323962038692e+00 2.333907039273e-03
1.025000000000e+00 2.316731168874e-03 -1.339270844146e+00 -1.337030392855e+00 2.240451291214e-03
1.030000000000e+00 2.221113909034e-03 -1.352311176900e+00 -1.350160874489e+00 2.150302410547e-03
1.035000000000e+00 2.129072039125e-03 -1.365416889456e+00 -1.363353526109e+00 2.063363346643e-03
1.040000000000e+00 2.040488087384e-03 -1.378587928590e+00 -1.376608389576e+00 1.979539014322e-03
1.045000000000e+00 1.955247763958e-03 -1.391824242372e+00 -1.389925506078e+00 1.898736293649e-03
1.050000000000e+00 1.873239903756e-03 -1.405125780150e+00 -1.403304916122e+00 1.820864027528e-03
1.055000000000e+00 1.794356408796e-03 -1.418492492537e+00 -1.416746659519e+00 1.745833017187e-03
1.060000000000e+00 1.718492190182e-03 -1.431924331391e+00 -1.430250775375e+00 1.673556015651e-03
1.065000000000e+00 1.645545109822e-03 -1.445421249799e+00 -1.443817302080e+00 1.603947719328e-03
1.070000000000e+00 1.575415922009e-03 -1.458983202062e+00 -1.457446277304e+00 1.536924757782e-03
1.075000000000e+00 1.508008214950e-03 -1.472610143670e+00 -1.471137737988e+00 1.472405681811e-03
1.080000000000e+00 1.443228352352e-03 -1.486302031292e+00 -1.484891720343e+00 1.410310949916e-03
1.085000000000e+00 1.380985415128e-03 -1.500058822752e+00 -1.498708259839e+00 1.350562913263e-03
1.090000000000e+00 1.321191143328e-03 -1.513880477010e+00 -1.512587391210e+00 1.293085799221e-03
1.095000000000e+00 1.263759878340e-03 -1.527766954145e+00 -1.526529148451e+00 1.237805693583e-03
1.100000000000e+00 1.208608505444e-03 -1.541718215335e+00 -1.540533564813e+00 1.184650521536e-03
1.105000000000e+00 1.155656396761e-03 -1.555734222836e+00 -1.554600672809e+00 1.133550027484e-03
1.110000000000e+00 1.104825354673e-03 -1.569814939966e+00 -1.568730504212e+00 1.084435753805e-03
1.115000000000e+00 1.056039555736e-03 -1.583960331078e+00 -1.582923090060e+00 1.037241018603e-03
1.120000000000e+00 1.009225495152e-03 -1.598170361549e+00 -1.597178460657e+00 9.919008925681e-04
1.125000000000e+00 9.643119318259e-04 -1.612444997754e+00 -1.611496645580e+00 9.483521749860e-04
1.130000000000e+00 9.212298340430e-04 -1.626784207048e+00 -1.625877673679e+00 9.065333689928e-04
1.135000000000e+00 8.799123258148e-04 -1.641187957745e+00 -1.640321573089e+00 8.663846561194e-04
1.140000000000e+00 8.402946338948e-04 -1.655656219100e+00 -1.654828371230e+00 8.278478702539e-04
1.145000000000e+00 8.023140355114e-04 -1.670188961289e+00 -1.669398094818e+00 7.908664709957e-04
1.150000000000e+00 7.659098068291e-04 -1.684786155386e+00 -1.684030769869e+00 7.553855165408e-04
1.155000000000e+00 7.310231721604e-04 -1.699447773348e+00 -1.698726421712e+00 7.213516361277e-04
1.160000000000e+00 6.975972539445e-04 -1.714173787991e+00 -1.713485074989e+00 6.887130021014e-04
1.165000000000e+00 6.655770235068e-04 -1.728964172975e+00 -1.728306753673e+00 6.574193016573e-04
1.170000000000e+00 6.349092526126e-04 -1.743818902780e+00 -1.743191481072e+00 6.274217083149e-04
1.175000000000e+00 6.055424658227e-04 -1.758737952692e+00 -1.758139279838e+00 5.986728531737e-04
1.180000000000e+00 5.774268936629e-04 -1.773721298777e+00 -1.773150171981e+00 5.711267959980e-04
1.185000000000e+00 5.505144266102e-04 -1.788768917871e+00 -1.788224178875e+00 5.447389961764e-04
1.190000000000e+00 5.247585699037e-04 -1.803880787554e+00 -1.803361321270e+00 5.194662836023e-04
1.195000000000e+00 5.001143991825e-04 -1.819056886134e+00 -1.818561619305e+00 4.952668295151e-04
1.200000000000e+00 4.765385169528e-04 -1.834297192631e+00 -1.833825092514e+00 4.721001173409e-04
1.205000000000e+00 4.539890098862e-04 -1.849601686756e+00 -1.849151759842e+00 4.499269135740e-04
1.210000000000e+00 4.324254069482e-04 -1.864970348893e+00 -1.864541639654e+00 4.287092387281e-04
1.215000000000e+00 4.118086383565e-04 -1.880403160085e+00 -1.879994749747e+00 4.084103383963e-04
1.220000000000e+00 3.921009953671e-04 -1.895900102015e+00 -1.895511107360e+00 3.889946544513e-04
1.225000000000e+00 3.732660908847e-04 -1.911461156985e+00 -1.911090729189e+00 3.704277964085e-04
1.230000000000e+00 3.552688208941e-04 -1.927086307907e+00 -1.926733631394e+00 3.526765129911e-04
1.235000000000e+00 3.380753267090e-04 -1.942775538278e+00 -1.942439829614e+00 3.357086639115e-04
1.240000000000e+00 3.216529580311e-04 -1.958528832172e+00 -1.958209338980e+00 3.194931919026e-04
1.245000000000e+00 3.059702368165e-04 -1.974346174218e+00 -1.974042174123e+00 3.040000950152e-04
1.250000000000e+00 2.909968219403e-04 -1.990227549586e+00 -1.989938349186e+00 2.892003992077e-04
1.255000000000e+00 2.767034746549e-04 -2.006172943972e+00 -2.005897877840e+00 2.750661312434e-04
1.260000000000e+00 2.630620248336e-04 -2.022182343583e+00 -2.021920773291e+00 2.615702919169e-04
1.265000000000e+00 2.500453379920e-04 -2.038255735123e+00 -2.038007048294e+00 2.486868296225e-04
1.270000000000e+00 2.376272830793e-04 -2.054393105776e+00 -2.054156715162e+00 2.363906142833e-04
1.275000000000e+00 2.257827010305e-04 -2.070594443193e+00 -2.070369785781e+00 2.246574116556e-04
1.280000000000e+00 2.144873740722e-04 -2.086859735478e+00 -2.086646271620e+00 2.134638580138e-04
1.285000000000e+00 2.037179957705e-04 -2.103188971175e+00 -2.102986183740e+00 2.027874352373e-04
1.290000000000e+00 1.934521418144e-04 -2.119582139253e+00 -2.119389532807e+00 1.926064463031e-04
1.295000000000e+00 1.836682415228e-04 -2.136039229095e+00 -2.135856329104e+00 1.828999911959e-04
1.300000000000e+00 1.743455500671e-04 -2.152560230482e+00 -2.152386582539e+00 1.736479432402e-04
1.305000000000e+00 1.654641213977e-04 -2.169145133583e+00 -2.168980302657e+00 1.648309258662e-04
1.310000000000e+00 1.570047818662e-04 -2.185793928943e+00 -2.185637498654e+00 1.564302898132e-04
1.315000000000e+00 1.489491045310e-04 -2.202506607469e+00 -2.202358179378e+00 1.484280907724e-04
1.320000000000e+00 1.412793841373e-04 -2.219283160419e+00 -2.219142353351e+00 1.408070674813e-04
1.325000000000e+00 1.339786127599e-04 -2.236123579391e+00 -2.235990028770e+00 1.335506202631e-04
1.330000000000e+00 1.270304560992e-04 -2.253027856311e+00 -2.252901213521e+00 1.266427900197e-04
1.335000000000e+00 1.204192304182e-04 -2.269995983424e+00 -2.269875915186e+00 1.200682376812e-04
1.340000000000e+00 1.141298801113e-04 -2.287027953280e+00 -2.286914141056e+00 1.138122241042e-04
1.345000000000e+00 1.081479558920e-04 -2.304123758729e+00 -2.304015898139e+00 1.078605904334e-04
1.350000000000e+00 1.024595935909e-04 -2.321283392904e+00 -2.321181193165e+00 1.021997389099e-04
1.355000000000e+00 9.705149355071e-05 -2.338506849217e+00 -2.338410032603e+00 9.681661413730e-05
1.360000000000e+00 9.191090060844e-05 -2.355794121345e+00 -2.355702422660e+00 9.169868479741e-05
1.365000000000e+00 8.702558465398e-05 -2.373145203226e+00 -2.373058369300e+00 8.683392581910e-05
1.370000000000e+00 8.238382175298e-05 -2.390560089043e+00 -2.390477878242e+00 8.221080099036e-05
1.375000000000e+00 7.797437582377e-05 -2.408038773222e+00 -2.407960954976e+00 7.781824601683e-05
1.380000000000e+00 7.378648085699e-05 -2.425581250420e+00 -2.425507604768e+00 7.364565201584e-05
1.385000000000e+00 6.980982366688e-05 -2.443187515515e+00 -2.443117832665e+00 6.968284945463e-05
1.390000000000e+00 6.603452716339e-05 -2.460857563601e+00 -2.460791643509e+00 6.592009251261e-05
1.395000000000e+00 6.245113413393e-05 -2.478591389981e+00 -2.478529041937e+00 6.234804387351e-05
1.400000000000e+00 5.905059152405e-05 -2.496388990154e+00 -2.496330032394e+00 5.895775994125e-05
1.405000000000e+00 5.582423520607e-05 -2.514250359814e+00 -2.514194619138e+00 5.574067646785e-05
1.410000000000e+00 5.276377522490e-05 -2.532175494839e+00 -2.532122806244e+00 5.268859459395e-05
1.415000000000e+00 4.986128151032e-05 -2.550164391284e+00 -2.550114597617e+00 4.979366729696e-05
1.420000000000e+00 4.710917004502e-05 -2.568217045376e+00 -2.568169996990e+00 4.704838622915e-05
1.425000000000e+00 4.450018947795e-05 -2.586333453507e+00 -2.586289007938e+00 4.444556895900e-05
1.430000000000e+00 4.202740817223e-05 -2.604513612226e+00 -2.604471633880e+00 4.197834658815e-05
1.435000000000e+00 3.968420167755e-05 -2.622757518236e+00 -2.622717878084e+00 3.964015175262e-05
1.440000000000e+00 3.746424061649e-05 -2.641065168385e+00 -2.641027743678e+00 3.742470699164e-05
1.445000000000e+00 3.536147897462e-05 -2.659436559662e+00 -2.659401233648e+00 3.532601348688e-05
1.450000000000e+00 3.337014278441e-05 -2.677871689190e+00 -2.677838350849e+00 3.333834015207e-05
1.455000000000e+00 3.148471919283e-05 -2.696370554222e+00 -2.696339098009e+00 3.145621307876e-05
1.460000000000e+00 2.969994590277e-05 -2.714933152137e+00 -2.714903477732e+00 2.967440532142e-05
1.465000000000e+00 2.801080097862e-05 -2.733559480432e+00 -2.733531492505e+00 2.798792701642e-05
1.470000000000e+00 2.641249300638e-05 -2.752249536718e+00 -2.752223144702e+00 2.639201584476e-05
1.475000000000e+00 2.490045159867e-05 -2.771003318716e+00 -2.770978436588e+00 2.488212778218e-05
1.480000000000e+00 2.347031823547e-05 -2.789820824253e+00 -2.789797370325e+00 2.345392819869e-05
1.485000000000e+00 2.211793743120e-05 -2.808702051257e+00 -2.808679947974e+00 2.210328324370e-05
1.490000000000e+00 2.083934821917e-05 -2.827646997752e+00 -2.827626171501e+00 2.082625153488e-05
1.495000000000e+00 1.963077594435e-05 -2.846655661856e+00 -2.846636042780e+00 1.961907613435e-05
1.500000000000e+00 1.848862435577e-05 -2.865728041774e+00 -2.865709563597e+00 1.847817681488e-05
1.505000000000e+00 1.740946798969e-05 -2.884864135796e+00 -2.884846735654e+00 1.740014259566e-05
1.510000000000e+00 1.639004483533e-05 -2.904063942297e+00 -2.904047560572e+00 1.638172455110e-05
1.515000000000e+00 1.542724927446e-05 -2.923327459724e+00 -2.923312039895e+00 1.541982888043e-05
1.520000000000e+00 1.451812528694e-05 -2.942654686604e+00 -2.942640175094e+00 1.451151022680e-05
1.525000000000e+00 1.365985991388e-05 -2.962045621532e+00 -2.962031967567e+00 1.365396526065e-05
1.530000000000e+00 1.284977697075e-05 -2.981500263172e+00 -2.981487418646e+00 1.284452646955e-05
1.535000000000e+00 1.208533100254e-05 -3.001018610253e+00 -3.001006529597e+00 1.208065622293e-05
1.540000000000e+00 1.136410147344e-05 -3.020600661568e+00 -3.020589301627e+00 1.135994103096e-05
1.545000000000e+00 1.068378718352e-05 -3.040246415966e+00 -3.040235735880e+00 1.068008604133e-05
1.550000000000e+00 1.004220090529e-05 -3.059955872356e+00 -3.059945833446e+00 1.003890973728e-05
1.555000000000e+00 9.437264232844e-06 -3.079729029699e+00 -3.079719595361e+00 9.434338852810e-06
1.560000000000e+00 8.867002636722e-06 -3.099565887011e+00 -3.099557022607e+00 8.864403479247e-06
1.565000000000e+00 8.329540717643e-06 -3.119466443353e+00 -3.119458116121e+00 8.327232373428e-06
1.570000000000e+00 7.823097652473e-06 -3.139430697837e+00 -3.139422876788e+00 7.821048437773e-06
1.575000000000e+00 7.345982825924e-06 -3.159458649617e+00 -3.159451305453e+00 7.344164415279e-06
1.580000000000e+00 6.896591641643e-06 -3.179550297894e+00 -3.179543402915e+00 6.894978715533e-06
1.585000000000e+00 6.473401506514e-06 -3.199705641905e+00 -3.199699169933e+00 6.471971443212e-06
1.590000000000e+00 6.074967982127e-06 -3.219924680929e+00 -3.219918607229e+00 6.073700580700e-06
1.595000000000e+00 5.699921097558e-06 -3.240207414283e+00 -3.240201715484e+00 5.698798326570e-06
1.600000000000e+00 5.346961817712e-06 -3.260553841316e+00 -3.260548495348e+00 5.345967588166e-06
1.605000000000e+00 5.014858661676e-06 -3.280963961413e+00 -3.280958947434e+00 5.013978626067e-06
1.610000000000e+00 4.702444465634e-06 -3.301437773992e+00 -3.301433072326e+00 4.701665833995e-06
1.615000000000e+00 4.408613285094e-06 -3.321975278499e+00 -3.321970870575e+00 4.407924660832e-06
1.620000000000e+00 4.132317431266e-06 -3.342576474412e+00 -3.342572342703e+00 4.131708667199e-06
1.625000000000e+00 3.872564636625e-06 -3.363241361234e+00 -3.363237489207e+00 3.872026691276e-06
1.630000000000e+00 3.628415344811e-06 -3.383969938495e+00 -3.383966310555e+00 3.627940181161e-06
1.635000000000e+00 3.398980120140e-06 -3.404762205752e+00 -3.404758807192e+00 3.398560586731e-06
1.640000000000e+00 3.183417172219e-06 -3.425618162583e+00 -3.425614979537e+00 3.183046910493e-06
1.645000000000e+00 2.980929991153e-06 -3.446537808591e+00 -3.446534827988e+00 2.980603350800e-06
1.650000000000e+00 2.790765089118e-06 -3.467521143399e+00 -3.467518352922e+00 2.790477051651e-06
1.655000000000e+00 2.612209844108e-06 -3.488568166651e+00 -3.488565554695e+00 2.611955953302e-06
1.660000000000e+00 2.444590441827e-06 -3.509678878009e+00 -3.509676433642e+00 2.444366743237e-06
1.665000000000e+00 2.287269911819e-06 -3.530853277156e+00 -3.530850990083e+00 2.287072897733e-06
1.670000000000e+00 2.139646254064e-06 -3.552091363790e+00 -3.552089224318e+00 2.139472813134e-06
1.675000000000e+00 2.001150652370e-06 -3.573393137628e+00 -3.573391136630e+00 2.000998027718e-06
1.680000000000e+00 1.871245771041e-06 -3.594758598401e+00 -3.594756727290e+00 1.871111520391e-06
1.685000000000e+00 1.749424131372e-06 -3.616187745855e+00 -3.616185996549e+00 1.749306092869e-06
1.690000000000e+00 1.635206564709e-06 -3.637680579750e+00 -3.637678944647e+00 1.635102822917e-06
1.695000000000e+00 1.528140738833e-06 -3.659237099861e+00 -3.659235571811e+00 1.528049600186e-06
1.700000000000e+00 1.427799754629e-06 -3.680857305974e+00 -3.680855878254e+00 1.427719724223e-06
1.705000000000e+00 1.333780810039e-06 -3.702541197887e+00 -3.702539864177e+00 1.333710557994e-06
1.710000000000e+00 1.245703928436e-06 -3.724288775412e+00 -3.724287529769e+00 1.245642288872e-06
1.715000000000e+00 1.163210748654e-06 -3.746100038368e+00 -3.746098875211e+00 1.163156688300e-06
1.720000000000e+00 1.085963374010e-06 -3.767974986586e+00 -3.767973900670e+00 1.085915980248e-06
1.725000000000e+00 1.013643277737e-06 -3.789913619908e+00 -3.789912606306e+00 1.013601745647e-06
1.730000000000e+00 9.459502623599e-07 -3.811915938183e+00 -3.811914992269e+00 9.459138818890e-07
1.735000000000e+00 8.826014706289e-07 -3.833981941271e+00 -3.833981058701e+00 8.825696169446e-07
1.740000000000e+00 8.233304457190e-07 -3.856111629037e+00 -3.856110805734e+00 8.233025661220e-07
1.745000000000e+00 7.678862384829e-07 -3.878305001356e+00 -3.878304233494e+00 7.678618478835e-07
1.750000000000e+00 7.160325596401e-07 -3.900562058111e+00 -3.900561342099e+00 7.160112303062e-07
1.755000000000e+00 6.675469748602e-07 -3.922882799189e+00 -3.922882131661e+00 6.675283303892e-07
1.760000000000e+00 6.222201407804e-07 -3.945267224487e+00 -3.945266602283e+00 6.222038497761e-07
1.765000000000e+00 5.798550800738e-07 -3.967715333905e+00 -3.967714754064e+00 5.798408517776e-07
1.770000000000e+00 5.402664937612e-07 -3.990227127352e+00 -3.990226587098e+00 5.402540717014e-07
1.775000000000e+00 5.032801090298e-07 -4.012802604740e+00 -4.012802101471e+00 5.032692689255e-07
1.780000000000e+00 4.687320608958e-07 -4.035441765987e+00 -4.035441297264e+00 4.687226047295e-07
1.785000000000e+00 4.364683061120e-07 -4.058144611016e+00 -4.058144174556e+00 4.364600609819e-07
1.790000000000e+00 4.063440677902e-07 -4.080911139754e+00 -4.080910733418e+00 4.063368814755e-07
1.795000000000e+00 3.782233092719e-07 -4.103741352135e+00 -4.103740973918e+00 3.782170479028e-07
1.800000000000e+00 3.519782358397e-07 -4.126635248093e+00 -4.126634896120e+00 3.519727824752e-07
1.805000000000e+00 3.274888229255e-07 -4.149592827569e+00 -4.149592500085e+00 3.274840763012e-07
1.810000000000e+00 3.046423695248e-07 -4.172614090507e+00 -4.172613785868e+00 3.046382399674e-07
1.815000000000e+00 2.833330755840e-07 -4.195699036853e+00 -4.195698753523e+00 2.833294834304e-07
1.820000000000e+00 2.634616421826e-07 -4.218847666558e+00 -4.218847403099e+00 2.634585190009e-07
1.825000000000e+00 2.449348933795e-07 -4.242059979575e+00 -4.242059734643e+00 2.449321794273e-07
1.830000000000e+00 2.276654186459e-07 -4.265335975861e+00 -4.265335748198e+00 2.276630635123e-07
1.835000000000e+00 2.115712348547e-07 -4.288675655375e+00 -4.288675443805e+00 2.115691861704e-07
1.840000000000e+00 1.965754668401e-07 -4.312079018077e+00 -4.312078821504e+00 1.965736888820e-07
1.845000000000e+00 1.826060455884e-07 -4.335546063933e+00 -4.335545881329e+00 1.826045030739e-07
1.850000000000e+00 1.695954231619e-07 -4.359076792909e+00 -4.359076623315e+00 1.695940863300e-07
1.855000000000e+00 1.574803034983e-07 -4.382671204972e+00 -4.382671047493e+00 1.574791443915e-07
1.860000000000e+00 1.462013882702e-07 -4.406329300093e+00 -4.406329153893e+00 1.462003842434e-07
1.865000000000e+00 1.357031370238e-07 -4.430051078244e+00 -4.430050942542e+00 1.357022672011e-07
1.870000000000e+00 1.259335408544e-07 -4.453836539400e+00 -4.453836413468e+00 1.259327877534e-07
1.875000000000e+00 1.168439089102e-07 -4.477685683536e+00 -4.477685566693e+00 1.168432568477e-07
1.880000000000e+00 1.083886670516e-07 -4.501598510629e+00 -4.501598402241e+00 1.083881029373e-07
1.885000000000e+00 1.005251680201e-07 -4.525575020658e+00 -4.525574920133e+00 1.005246801355e-07
1.890000000000e+00 9.321351250943e-08 -4.549615213603e+00 -4.549615120390e+00 9.321309146770e-08
1.895000000000e+00 8.641638055341e-08 -4.573719089445e+00 -4.573719003029e+00 8.641601567660e-08
1.900000000000e+00 8.009887267841e-08 -4.597886648167e+00 -4.597886568068e+00 8.009855800850e-08
1.905000000000e+00 7.422836029349e-08 -4.622117889752e+00 -4.622117815524e+00 7.422808856461e-08
1.910000000000e+00 6.877434481712e-08 -4.646412814186e+00 -4.646412745412e+00 6.877410996253e-08
1.915000000000e+00 6.370832506471e-08 -4.670771421453e+00 -4.670771357745e+00 6.370812322132e-08
1.920000000000e+00 5.900367244457e-08 -4.695193711542e+00 -4.695193652538e+00 5.900349808741e-08
1.925000000000e+00 5.463551353279e-08 -4.719679684438e+00 -4.719679629803e+00 5.463536378869e-08
1.930000000000e+00 5.058061961899e-08 -4.744229340131e+00 -4.744229289551e+00 5.058049001860e-08
1.935000000000e+00 4.681730283587e-08 -4.768842678610e+00 -4.768842631793e+00 4.681719101285e-08
1.940000000000e+00 4.332531850490e-08 -4.793519699865e+00 -4.793519656540e+00 4.332522252071e-08
1.945000000000e+00 4.008577334972e-08 -4.818260403886e+00 -4.818260363800e+00 4.008569032266e-08
1.950000000000e+00 3.708103924663e-08 -4.843064790664e+00 -4.843064753583e+00 3.708096762978e-08
1.955000000000e+00 3.429467219863e-08 -4.867932860192e+00 -4.867932825897e+00 3.429461070681e-08
1.960000000000e+00 3.171133623611e-08 -4.892864612461e+00 -4.892864580749e+00 3.171128337698e-08
1.965000000000e+00 2.931673196272e-08 -4.917860047464e+00 -4.917860018147e+00 2.931668685591e-08
1.970000000000e+00 2.709752947975e-08 -4.942919165195e+00 -4.942919138097e+00 2.709749047369e-08
1.975000000000e+00 2.504130543675e-08 -4.968041965647e+00 -4.968041940606e+00 2.504127216696e-08
1.980000000000e+00 2.313648396937e-08 -4.993228448816e+00 -4.993228425679e+00 2.313645541818e-08
1.985000000000e+00 2.137228129838e-08 -5.018478614694e+00 -5.018478593322e+00 2.137225685317e-08
1.990000000000e+00 1.973865377589e-08 -5.043792463278e+00 -5.043792443539e+00 1.973863295035e-08
1.995000000000e+00 1.822624917669e-08 -5.069169994563e+00 -5.069169976336e+00 1.822623119097e-08
2.000000000000e+00 1.682636104319e-08 -5.094611208543e+00 -5.094611191717e+00 1.682634565014e-08
